cam0:
  cam_overlaps: []
  camera_model: pinhole
  distortion_coeffs: [0.08852752863539287, -0.2259944822077573, -0.00015262221165681156, 0.0005662465675565772]
  distortion_model: radtan
  intrinsics: [863.7280242706395, 863.2222320492886, 637.5239991345896, 385.52910358020034]
  resolution: [1280, 720]
  rostopic: /color/image_raw
