cam0:
  T_cam_imu:
  - [0.9099572422478412, -0.4076337328744542, -0.07624012790874751, -0.005608226949158846]
  - [0.2320979451184732, 0.34824581125314147, 0.9082155024092157, 0.01251061880816246]
  - [-0.3436689703078913, -0.8441324509622171, 0.4114997497934041, 0.0003349595147946954]
  - [0.0, 0.0, 0.0, 1.0]
  cam_overlaps: []
  camera_model: pinhole
  distortion_coeffs: [0.08852752863539287, -0.2259944822077573, -0.00015262221165681156, 0.0005662465675565772]
  distortion_model: radtan
  intrinsics: [863.7280242706395, 863.2222320492886, 637.5239991345896, 385.52910358020034]
  resolution: [1280, 720]
  rostopic: /color/image_raw
  timeshift_cam_imu: -0.034225382225828396
